Model saved at epoch: 825
test_pathwise_MSE: 0.042403078955417374
test_mean_MSE: 0.042347548586766204
