Model saved at epoch: 2
test_pathwise_MSE: 0.3978393925301195
test_mean_MSE: 0.3963170799721178
