Model saved at epoch: 20
test_pathwise_MSE: 0.26721379041325377
test_mean_MSE: 0.26305423567157443
